0	0
0	1
0	2
0	3
0	4
0	5
0	32
0	33
0	34
0	35
0	36
0	37
0	38
0	39
0	40
0	41
0	42
0	43
0	44
0	45
0	46
0	47
0	48
0	49
0	69
0	70
0	71
0	72
0	73
0	74
0	75
0	76
0	77
0	78
0	79
0	80
0	81
0	82
0	83
0	84
0	85
0	86
0	130
0	131
0	132
0	133
0	134
0	135
0	136
0	137
0	138
0	139
0	140
0	141
0	142
0	143
0	144
0	145
0	146
0	147
0	148
0	149
1	0
1	1
1	2
1	3
1	4
1	5
1	32
1	33
1	34
1	35
1	36
1	37
1	38
1	39
1	40
1	41
1	42
1	43
1	44
1	45
1	46
1	47
1	48
1	49
1	69
1	70
1	71
1	72
1	73
1	74
1	75
1	76
1	77
1	78
1	79
1	80
1	81
1	82
1	83
1	84
1	85
1	86
1	130
1	131
1	132
1	133
1	134
1	135
1	136
1	137
1	138
1	139
1	140
1	141
1	142
1	143
1	144
1	145
1	146
1	147
1	148
1	149
2	0
2	1
2	2
2	3
2	4
2	5
2	32
2	33
2	34
2	35
2	36
2	37
2	38
2	39
2	40
2	41
2	42
2	43
2	44
2	45
2	46
2	47
2	48
2	49
2	69
2	70
2	71
2	72
2	73
2	74
2	75
2	76
2	77
2	78
2	79
2	80
2	81
2	82
2	83
2	84
2	85
2	86
2	130
2	131
2	132
2	133
2	134
2	135
2	136
2	137
2	138
2	139
2	140
2	141
2	142
2	143
2	144
2	145
2	146
2	147
2	148
2	149
3	0
3	1
3	2
3	3
3	4
3	5
3	32
3	33
3	34
3	35
3	36
3	37
3	38
3	39
3	40
3	41
3	42
3	43
3	44
3	45
3	46
3	47
3	48
3	49
3	69
3	70
3	71
3	72
3	73
3	74
3	75
3	76
3	77
3	78
3	79
3	80
3	81
3	82
3	83
3	84
3	85
3	86
3	130
3	131
3	132
3	133
3	134
3	135
3	136
3	137
3	138
3	139
3	140
3	141
3	142
3	143
3	144
3	145
3	146
3	147
3	148
3	149
4	0
4	1
4	2
4	3
4	4
4	5
4	6
4	32
4	33
4	34
4	35
4	36
4	37
4	38
4	39
4	40
4	41
4	42
4	43
4	44
4	45
4	46
4	47
4	48
4	49
4	69
4	70
4	71
4	72
4	73
4	74
4	75
4	76
4	77
4	78
4	79
4	80
4	81
4	82
4	83
4	84
4	85
4	86
4	130
4	131
4	132
4	133
4	134
4	135
4	136
4	137
4	138
4	139
4	140
4	141
4	142
4	143
4	144
4	145
4	146
4	147
4	148
4	149
5	0
5	1
5	2
5	3
5	4
5	5
5	6
5	32
5	33
5	34
5	35
5	36
5	37
5	38
5	39
5	40
5	41
5	42
5	43
5	44
5	45
5	46
5	47
5	48
5	49
5	69
5	70
5	71
5	72
5	73
5	74
5	75
5	76
5	77
5	78
5	79
5	80
5	81
5	82
5	83
5	84
5	85
5	86
5	130
5	131
5	132
5	133
5	134
5	135
5	136
5	137
5	138
5	139
5	140
5	141
5	142
5	143
5	144
5	145
5	146
5	147
5	148
5	149
6	0
6	1
6	2
6	3
6	4
6	5
6	6
6	32
6	33
6	34
6	35
6	36
6	37
6	38
6	39
6	40
6	41
6	42
6	43
6	44
6	45
6	46
6	47
6	48
6	49
6	69
6	70
6	71
6	72
6	73
6	74
6	75
6	76
6	77
6	78
6	79
6	80
6	81
6	82
6	83
6	84
6	85
6	86
6	130
6	131
6	132
6	133
6	134
6	135
6	136
6	137
6	138
6	139
6	140
6	141
6	142
6	143
6	144
6	145
6	146
6	147
6	148
6	149
7	0
7	1
7	2
7	3
7	4
7	5
7	6
7	32
7	33
7	34
7	35
7	36
7	37
7	38
7	39
7	40
7	41
7	42
7	43
7	44
7	45
7	46
7	47
7	48
7	49
7	68
7	69
7	70
7	71
7	72
7	73
7	74
7	75
7	76
7	77
7	78
7	79
7	80
7	81
7	82
7	83
7	84
7	85
7	86
7	130
7	131
7	132
7	133
7	134
7	135
7	136
7	137
7	138
7	139
7	140
7	141
7	142
7	143
7	144
7	145
7	146
7	147
7	148
7	149
8	0
8	1
8	2
8	3
8	4
8	5
8	6
8	32
8	33
8	34
8	35
8	36
8	37
8	38
8	39
8	40
8	41
8	42
8	43
8	44
8	45
8	46
8	47
8	48
8	49
8	68
8	69
8	70
8	71
8	72
8	73
8	74
8	75
8	76
8	77
8	78
8	79
8	80
8	81
8	82
8	83
8	84
8	85
8	86
8	130
8	131
8	132
8	133
8	134
8	135
8	136
8	137
8	138
8	139
8	140
8	141
8	142
8	143
8	144
8	145
8	146
8	147
8	148
8	149
9	0
9	1
9	2
9	3
9	4
9	5
9	6
9	32
9	33
9	34
9	35
9	36
9	37
9	38
9	39
9	40
9	41
9	42
9	43
9	44
9	45
9	46
9	47
9	48
9	49
9	68
9	69
9	70
9	71
9	72
9	73
9	74
9	75
9	76
9	77
9	78
9	79
9	80
9	81
9	82
9	83
9	84
9	85
9	130
9	131
9	132
9	133
9	134
9	135
9	136
9	137
9	138
9	139
9	140
9	141
9	142
9	143
9	144
9	145
9	146
9	147
9	148
9	149
10	0
10	1
10	2
10	3
10	4
10	5
10	6
10	32
10	33
10	34
10	35
10	36
10	37
10	38
10	39
10	40
10	41
10	42
10	43
10	44
10	45
10	46
10	47
10	48
10	49
10	68
10	69
10	70
10	71
10	72
10	73
10	74
10	75
10	76
10	77
10	78
10	79
10	80
10	81
10	82
10	83
10	84
10	130
10	131
10	132
10	133
10	134
10	135
10	136
10	137
10	138
10	139
10	140
10	141
10	142
10	143
10	144
10	145
10	146
10	147
10	148
10	149
11	0
11	1
11	2
11	3
11	4
11	5
11	6
11	32
11	33
11	34
11	35
11	36
11	37
11	38
11	39
11	40
11	41
11	42
11	43
11	44
11	45
11	46
11	47
11	48
11	49
11	68
11	69
11	70
11	71
11	72
11	73
11	74
11	75
11	76
11	77
11	78
11	79
11	80
11	81
11	82
11	83
11	84
11	129
11	130
11	131
11	132
11	133
11	134
11	135
11	136
11	137
11	138
11	139
11	140
11	141
11	142
11	143
11	144
11	145
11	146
11	147
11	148
11	149
12	0
12	1
12	2
12	3
12	4
12	5
12	6
12	32
12	33
12	34
12	35
12	36
12	37
12	38
12	39
12	40
12	41
12	42
12	43
12	44
12	45
12	46
12	47
12	48
12	49
12	68
12	69
12	70
12	71
12	72
12	73
12	74
12	75
12	76
12	77
12	78
12	79
12	80
12	81
12	82
12	83
12	84
12	129
12	130
12	131
12	132
12	133
12	134
12	135
12	136
12	137
12	138
12	139
12	140
12	141
12	142
12	143
12	144
12	145
12	146
12	147
12	148
12	149
13	0
13	1
13	2
13	3
13	4
13	5
13	6
13	32
13	33
13	34
13	35
13	36
13	37
13	38
13	39
13	40
13	41
13	42
13	43
13	44
13	45
13	46
13	47
13	48
13	49
13	68
13	69
13	70
13	71
13	72
13	73
13	74
13	75
13	76
13	77
13	78
13	79
13	80
13	81
13	82
13	83
13	129
13	130
13	131
13	132
13	133
13	134
13	135
13	136
13	137
13	138
13	139
13	140
13	141
13	142
13	143
13	144
13	145
13	146
13	147
13	148
13	149
14	0
14	1
14	2
14	3
14	4
14	5
14	6
14	32
14	33
14	34
14	35
14	36
14	37
14	38
14	39
14	40
14	41
14	42
14	43
14	44
14	45
14	46
14	47
14	48
14	49
14	68
14	69
14	70
14	71
14	72
14	73
14	74
14	75
14	76
14	77
14	78
14	79
14	80
14	81
14	82
14	83
14	129
14	130
14	131
14	132
14	133
14	134
14	135
14	136
14	137
14	138
14	139
14	140
14	141
14	142
14	143
14	144
14	145
14	146
14	147
14	148
14	149
15	0
15	1
15	2
15	3
15	4
15	5
15	6
15	31
15	32
15	33
15	34
15	35
15	36
15	37
15	38
15	39
15	40
15	41
15	42
15	43
15	44
15	45
15	46
15	47
15	48
15	49
15	68
15	69
15	70
15	71
15	72
15	73
15	74
15	75
15	76
15	77
15	78
15	79
15	80
15	81
15	82
15	129
15	130
15	131
15	132
15	133
15	134
15	135
15	136
15	137
15	138
15	139
15	140
15	141
15	142
15	143
15	144
15	145
15	146
15	147
15	148
15	149
16	0
16	1
16	2
16	3
16	4
16	5
16	6
16	31
16	32
16	33
16	34
16	35
16	36
16	37
16	38
16	39
16	40
16	41
16	42
16	43
16	44
16	45
16	46
16	47
16	48
16	49
16	66
16	67
16	68
16	69
16	70
16	71
16	72
16	73
16	74
16	75
16	76
16	77
16	78
16	79
16	80
16	81
16	82
16	129
16	130
16	131
16	132
16	133
16	134
16	135
16	136
16	137
16	138
16	139
16	140
16	141
16	142
16	143
16	144
16	145
16	146
16	147
16	148
16	149
17	0
17	1
17	2
17	3
17	4
17	5
17	6
17	31
17	32
17	33
17	34
17	35
17	36
17	37
17	38
17	39
17	40
17	41
17	42
17	43
17	44
17	45
17	46
17	47
17	48
17	49
17	65
17	66
17	67
17	68
17	69
17	70
17	71
17	72
17	73
17	74
17	75
17	76
17	77
17	78
17	79
17	80
17	81
17	82
17	129
17	130
17	131
17	132
17	133
17	134
17	135
17	136
17	137
17	138
17	139
17	140
17	141
17	142
17	143
17	144
17	145
17	146
17	147
17	148
17	149
18	0
18	1
18	2
18	3
18	4
18	5
18	6
18	31
18	32
18	33
18	34
18	35
18	36
18	37
18	38
18	39
18	40
18	41
18	42
18	43
18	44
18	45
18	46
18	47
18	48
18	49
18	65
18	66
18	67
18	68
18	69
18	70
18	71
18	72
18	73
18	74
18	75
18	76
18	77
18	78
18	79
18	80
18	81
18	82
18	129
18	130
18	131
18	132
18	133
18	134
18	135
18	136
18	137
18	138
18	139
18	140
18	141
18	142
18	143
18	144
18	145
18	146
18	147
18	148
18	149
19	0
19	1
19	2
19	3
19	4
19	5
19	6
19	31
19	32
19	33
19	34
19	35
19	36
19	37
19	38
19	39
19	40
19	41
19	42
19	43
19	44
19	45
19	46
19	47
19	48
19	49
19	66
19	67
19	68
19	69
19	70
19	71
19	72
19	73
19	74
19	75
19	76
19	77
19	78
19	79
19	80
19	81
19	129
19	130
19	131
19	132
19	133
19	134
19	135
19	136
19	137
19	138
19	139
19	140
19	141
19	142
19	143
19	144
19	145
19	146
19	147
19	148
19	149
20	0
20	1
20	2
20	3
20	4
20	5
20	29
20	30
20	31
20	32
20	33
20	34
20	35
20	36
20	37
20	38
20	39
20	40
20	41
20	42
20	43
20	44
20	45
20	46
20	47
20	48
20	49
20	66
20	67
20	68
20	69
20	70
20	71
20	72
20	73
20	74
20	75
20	76
20	77
20	78
20	79
20	80
20	81
20	129
20	130
20	131
20	132
20	133
20	134
20	135
20	136
20	137
20	138
20	139
20	140
20	141
20	142
20	143
20	144
20	145
20	146
20	147
20	148
20	149
21	0
21	1
21	2
21	3
21	4
21	5
21	29
21	30
21	31
21	32
21	33
21	34
21	35
21	36
21	37
21	38
21	39
21	40
21	41
21	42
21	43
21	44
21	45
21	46
21	47
21	48
21	49
21	50
21	66
21	67
21	68
21	69
21	70
21	71
21	72
21	73
21	74
21	75
21	76
21	77
21	78
21	79
21	80
21	81
21	128
21	129
21	130
21	131
21	132
21	133
21	134
21	135
21	136
21	137
21	138
21	139
21	140
21	141
21	142
21	143
21	144
21	145
21	146
21	147
21	148
21	149
22	0
22	1
22	2
22	3
22	4
22	5
22	29
22	30
22	31
22	32
22	33
22	34
22	35
22	36
22	37
22	38
22	39
22	40
22	41
22	42
22	43
22	44
22	45
22	46
22	47
22	48
22	49
22	50
22	66
22	67
22	68
22	69
22	70
22	71
22	72
22	73
22	74
22	75
22	76
22	77
22	78
22	79
22	80
22	81
22	128
22	129
22	130
22	131
22	132
22	133
22	134
22	135
22	136
22	137
22	138
22	139
22	140
22	141
22	142
22	143
22	144
22	145
22	146
22	147
22	148
22	149
23	0
23	1
23	2
23	3
23	4
23	5
23	29
23	30
23	31
23	32
23	33
23	34
23	35
23	36
23	37
23	38
23	39
23	40
23	41
23	42
23	43
23	44
23	45
23	46
23	47
23	48
23	49
23	50
23	66
23	67
23	68
23	69
23	70
23	71
23	72
23	73
23	74
23	75
23	76
23	77
23	78
23	79
23	80
23	127
23	128
23	129
23	130
23	131
23	132
23	133
23	134
23	135
23	136
23	137
23	138
23	139
23	140
23	141
23	142
23	143
23	144
23	145
23	146
23	147
23	148
23	149
24	0
24	1
24	2
24	3
24	4
24	5
24	29
24	30
24	31
24	32
24	33
24	34
24	35
24	36
24	37
24	38
24	39
24	40
24	41
24	42
24	43
24	44
24	45
24	46
24	47
24	48
24	49
24	50
24	66
24	67
24	68
24	69
24	70
24	71
24	72
24	73
24	74
24	75
24	76
24	77
24	78
24	79
24	80
24	127
24	128
24	129
24	130
24	131
24	132
24	133
24	134
24	135
24	136
24	137
24	138
24	139
24	140
24	141
24	142
24	143
24	144
24	145
24	146
24	147
24	148
24	149
25	0
25	1
25	2
25	3
25	4
25	5
25	29
25	30
25	31
25	32
25	33
25	34
25	35
25	36
25	37
25	38
25	39
25	40
25	41
25	42
25	43
25	44
25	45
25	46
25	47
25	48
25	49
25	50
25	69
25	70
25	71
25	72
25	73
25	74
25	75
25	76
25	77
25	78
25	127
25	128
25	129
25	130
25	131
25	132
25	133
25	134
25	135
25	136
25	137
25	138
25	139
25	140
25	141
25	142
25	143
25	144
25	145
25	146
25	147
25	148
25	149
26	0
26	1
26	2
26	3
26	4
26	5
26	29
26	30
26	31
26	32
26	33
26	34
26	35
26	36
26	37
26	38
26	39
26	40
26	41
26	42
26	43
26	44
26	45
26	46
26	47
26	48
26	49
26	50
26	69
26	70
26	71
26	72
26	73
26	74
26	75
26	76
26	77
26	78
26	127
26	128
26	129
26	130
26	131
26	132
26	133
26	134
26	135
26	136
26	137
26	138
26	139
26	140
26	141
26	142
26	143
26	144
26	145
26	146
26	147
26	148
26	149
27	0
27	1
27	2
27	3
27	4
27	5
27	29
27	30
27	31
27	32
27	33
27	34
27	35
27	36
27	37
27	38
27	39
27	40
27	41
27	42
27	43
27	44
27	45
27	46
27	47
27	48
27	49
27	50
27	69
27	70
27	71
27	72
27	73
27	74
27	75
27	76
27	126
27	127
27	128
27	129
27	130
27	131
27	132
27	133
27	134
27	135
27	136
27	137
27	138
27	139
27	140
27	141
27	142
27	143
27	144
27	145
27	146
27	147
27	148
27	149
28	0
28	1
28	2
28	3
28	4
28	5
28	29
28	30
28	31
28	32
28	33
28	34
28	35
28	36
28	37
28	38
28	39
28	40
28	41
28	42
28	43
28	44
28	45
28	46
28	47
28	48
28	49
28	50
28	69
28	70
28	71
28	72
28	126
28	127
28	128
28	129
28	130
28	131
28	132
28	133
28	134
28	135
28	136
28	137
28	138
28	139
28	140
28	141
28	142
28	143
28	144
28	145
28	146
28	147
28	148
28	149
29	0
29	1
29	2
29	3
29	4
29	5
29	28
29	29
29	30
29	31
29	32
29	33
29	34
29	35
29	36
29	37
29	38
29	39
29	40
29	41
29	42
29	43
29	44
29	45
29	46
29	47
29	48
29	49
29	50
29	126
29	127
29	128
29	129
29	130
29	131
29	132
29	133
29	134
29	135
29	136
29	137
29	138
29	139
29	140
29	141
29	142
29	143
29	144
29	145
29	146
29	147
29	148
29	149
30	0
30	1
30	2
30	3
30	4
30	5
30	28
30	29
30	30
30	31
30	32
30	33
30	34
30	35
30	36
30	37
30	38
30	39
30	40
30	41
30	42
30	43
30	44
30	45
30	46
30	47
30	48
30	49
30	50
30	126
30	127
30	128
30	129
30	130
30	131
30	132
30	133
30	134
30	135
30	136
30	137
30	138
30	139
30	140
30	141
30	142
30	143
30	144
30	145
30	146
30	147
30	148
30	149
31	0
31	1
31	2
31	3
31	4
31	5
31	6
31	28
31	29
31	30
31	31
31	32
31	33
31	34
31	35
31	36
31	37
31	38
31	39
31	40
31	41
31	42
31	43
31	44
31	45
31	46
31	47
31	48
31	49
31	50
31	126
31	127
31	128
31	129
31	130
31	131
31	132
31	133
31	134
31	135
31	136
31	137
31	138
31	139
31	140
31	141
31	142
31	143
31	144
31	145
31	146
31	147
31	148
31	149
32	0
32	1
32	2
32	3
32	4
32	5
32	6
32	30
32	31
32	32
32	33
32	34
32	35
32	36
32	37
32	38
32	39
32	40
32	41
32	42
32	43
32	44
32	45
32	46
32	47
32	48
32	49
32	124
32	125
32	126
32	127
32	128
32	129
32	130
32	131
32	132
32	133
32	134
32	135
32	136
32	137
32	138
32	139
32	140
32	141
32	142
32	143
32	144
32	145
32	146
32	147
32	148
32	149
33	0
33	1
33	2
33	3
33	4
33	5
33	6
33	30
33	31
33	32
33	33
33	34
33	35
33	36
33	37
33	38
33	39
33	40
33	41
33	42
33	43
33	44
33	45
33	46
33	47
33	48
33	49
33	124
33	125
33	126
33	127
33	128
33	129
33	130
33	131
33	132
33	133
33	134
33	135
33	136
33	137
33	138
33	139
33	140
33	141
33	142
33	143
33	144
33	145
33	146
33	147
33	148
33	149
34	0
34	1
34	2
34	3
34	4
34	5
34	6
34	30
34	31
34	32
34	33
34	34
34	35
34	36
34	37
34	38
34	39
34	40
34	41
34	42
34	43
34	44
34	45
34	46
34	47
34	48
34	124
34	125
34	126
34	127
34	128
34	129
34	130
34	131
34	132
34	133
34	134
34	135
34	136
34	137
34	138
34	139
34	140
34	141
34	142
34	143
34	144
34	145
34	146
34	147
34	148
34	149
35	0
35	1
35	2
35	3
35	4
35	5
35	6
35	30
35	31
35	32
35	33
35	34
35	35
35	36
35	37
35	38
35	39
35	40
35	41
35	42
35	43
35	44
35	45
35	46
35	47
35	124
35	125
35	126
35	127
35	128
35	129
35	130
35	131
35	132
35	133
35	134
35	135
35	136
35	137
35	138
35	139
35	140
35	141
35	142
35	143
35	144
35	145
35	146
35	147
35	148
35	149
36	0
36	1
36	2
36	3
36	4
36	5
36	6
36	30
36	31
36	32
36	33
36	34
36	35
36	36
36	37
36	38
36	39
36	40
36	41
36	42
36	43
36	44
36	45
36	46
36	47
36	124
36	125
36	126
36	127
36	128
36	129
36	130
36	131
36	132
36	133
36	134
36	135
36	136
36	137
36	138
36	139
36	140
36	141
36	142
36	143
36	144
36	145
36	146
36	147
36	148
36	149
37	0
37	1
37	2
37	3
37	4
37	5
37	6
37	30
37	31
37	32
37	33
37	34
37	35
37	36
37	37
37	38
37	39
37	40
37	41
37	42
37	43
37	44
37	45
37	46
37	47
37	124
37	125
37	126
37	127
37	128
37	129
37	130
37	131
37	132
37	133
37	134
37	135
37	136
37	137
37	138
37	139
37	140
37	141
37	142
37	143
37	144
37	145
37	146
37	147
37	148
37	149
38	0
38	1
38	2
38	3
38	4
38	5
38	6
38	30
38	31
38	32
38	33
38	34
38	35
38	36
38	37
38	38
38	39
38	40
38	41
38	42
38	43
38	44
38	45
38	124
38	125
38	126
38	127
38	128
38	129
38	130
38	131
38	132
38	133
38	134
38	135
38	136
38	137
38	138
38	139
38	140
38	141
38	142
38	143
38	144
38	145
38	146
38	147
38	148
38	149
39	0
39	1
39	2
39	3
39	4
39	5
39	6
39	30
39	31
39	32
39	33
39	34
39	35
39	36
39	37
39	38
39	39
39	40
39	41
39	123
39	124
39	125
39	126
39	127
39	128
39	129
39	130
39	131
39	132
39	133
39	134
39	135
39	136
39	137
39	138
39	139
39	140
39	141
39	142
39	143
39	144
39	145
39	146
39	147
39	148
39	149
40	0
40	1
40	2
40	3
40	4
40	5
40	6
40	31
40	32
40	33
40	34
40	35
40	36
40	37
40	38
40	39
40	40
40	123
40	124
40	125
40	126
40	127
40	128
40	129
40	130
40	131
40	132
40	133
40	134
40	135
40	136
40	137
40	138
40	139
40	140
40	141
40	142
40	143
40	144
40	145
40	146
40	147
40	148
40	149
41	0
41	1
41	2
41	3
41	4
41	5
41	6
41	32
41	33
41	34
41	35
41	36
41	37
41	38
41	123
41	124
41	125
41	126
41	127
41	128
41	129
41	130
41	131
41	132
41	133
41	134
41	135
41	136
41	137
41	138
41	139
41	140
41	141
41	142
41	143
41	144
41	145
41	146
41	147
41	148
41	149
42	0
42	1
42	2
42	3
42	4
42	5
42	120
42	121
42	122
42	123
42	124
42	125
42	126
42	127
42	128
42	129
42	130
42	131
42	132
42	133
42	134
42	135
42	136
42	137
42	138
42	139
42	140
42	141
42	142
42	143
42	144
42	145
42	146
42	147
42	148
42	149
43	0
43	1
43	2
43	3
43	4
43	5
43	118
43	119
43	120
43	121
43	122
43	123
43	124
43	125
43	126
43	127
43	128
43	129
43	130
43	131
43	132
43	133
43	134
43	135
43	136
43	137
43	138
43	139
43	140
43	141
43	142
43	143
43	144
43	145
43	146
43	147
43	148
43	149
44	0
44	1
44	2
44	3
44	4
44	5
44	114
44	115
44	116
44	117
44	118
44	119
44	120
44	121
44	122
44	123
44	124
44	125
44	126
44	127
44	128
44	129
44	130
44	131
44	132
44	133
44	134
44	135
44	136
44	137
44	138
44	139
44	140
44	141
44	142
44	143
44	144
44	145
44	146
44	147
44	148
44	149
45	0
45	1
45	2
45	3
45	4
45	5
45	94
45	95
45	96
45	97
45	98
45	99
45	100
45	101
45	102
45	103
45	104
45	105
45	106
45	107
45	108
45	109
45	110
45	111
45	112
45	113
45	114
45	115
45	116
45	117
45	118
45	119
45	120
45	121
45	122
45	123
45	124
45	125
45	126
45	127
45	128
45	129
45	130
45	131
45	132
45	133
45	134
45	135
45	136
45	137
45	138
45	139
45	140
45	141
45	142
45	143
45	144
45	145
45	146
45	147
45	148
45	149
46	0
46	1
46	2
46	3
46	79
46	80
46	81
46	82
46	83
46	84
46	85
46	86
46	87
46	88
46	89
46	90
46	91
46	92
46	93
46	94
46	95
46	96
46	97
46	98
46	99
46	100
46	101
46	102
46	103
46	104
46	105
46	106
46	107
46	108
46	109
46	110
46	111
46	112
46	113
46	114
46	115
46	116
46	117
46	118
46	119
46	120
46	121
46	122
46	123
46	124
46	125
46	126
46	127
46	128
46	129
46	130
46	131
46	132
46	133
46	134
46	135
46	136
46	137
46	138
46	139
46	140
46	141
46	142
46	143
46	144
46	145
46	146
46	147
46	148
46	149
47	0
47	1
47	2
47	3
47	78
47	79
47	80
47	81
47	82
47	83
47	84
47	85
47	86
47	87
47	88
47	89
47	90
47	91
47	92
47	93
47	94
47	95
47	96
47	97
47	98
47	99
47	100
47	101
47	102
47	103
47	104
47	105
47	106
47	107
47	108
47	109
47	110
47	111
47	112
47	113
47	114
47	115
47	116
47	117
47	118
47	119
47	120
47	121
47	122
47	123
47	124
47	125
47	126
47	127
47	128
47	129
47	130
47	131
47	132
47	133
47	134
47	135
47	136
47	137
47	138
47	139
47	140
47	141
47	142
47	143
47	144
47	145
47	146
47	147
47	148
47	149
48	0
48	1
48	2
48	3
48	78
48	79
48	80
48	81
48	82
48	83
48	84
48	85
48	86
48	87
48	88
48	89
48	90
48	91
48	92
48	93
48	94
48	95
48	96
48	97
48	98
48	99
48	100
48	101
48	102
48	103
48	104
48	105
48	106
48	107
48	108
48	109
48	110
48	111
48	112
48	113
48	114
48	115
48	116
48	117
48	118
48	119
48	120
48	121
48	122
48	123
48	124
48	125
48	126
48	127
48	128
48	129
48	130
48	131
48	132
48	133
48	134
48	135
48	136
48	137
48	138
48	139
48	140
48	141
48	142
48	143
48	144
48	145
48	146
48	147
48	148
48	149
49	0
49	1
49	2
49	3
49	75
49	76
49	77
49	78
49	79
49	80
49	81
49	82
49	83
49	84
49	85
49	86
49	87
49	88
49	89
49	90
49	91
49	92
49	93
49	94
49	95
49	96
49	97
49	98
49	99
49	100
49	101
49	102
49	103
49	104
49	105
49	106
49	107
49	108
49	109
49	110
49	111
49	112
49	113
49	114
49	115
49	116
49	117
49	118
49	119
49	120
49	121
49	122
49	123
49	124
49	125
49	126
49	127
49	128
49	129
49	130
49	131
49	132
49	133
49	134
49	135
49	136
49	137
49	138
49	139
49	140
49	141
49	142
49	143
49	144
49	145
49	146
49	147
49	148
49	149
50	75
50	76
50	77
50	78
50	79
50	80
50	81
50	82
50	83
50	84
50	85
50	86
50	87
50	88
50	89
50	90
50	91
50	92
50	93
50	94
50	95
50	96
50	97
50	98
50	99
50	100
50	101
50	102
50	103
50	104
50	105
50	106
50	107
50	108
50	109
50	110
50	111
50	112
50	113
50	114
50	115
50	116
50	117
50	118
50	119
50	120
50	121
50	122
50	123
50	124
50	125
50	126
50	127
50	128
50	129
50	130
50	131
50	132
50	133
50	134
50	135
50	136
50	137
50	138
50	139
50	140
50	141
50	142
51	75
51	76
51	77
51	78
51	79
51	80
51	81
51	82
51	83
51	84
51	85
51	86
51	87
51	88
51	89
51	90
51	91
51	92
51	93
51	94
51	95
51	96
51	97
51	98
51	99
51	100
51	101
51	102
51	103
51	104
51	105
51	106
51	107
51	108
51	109
51	110
51	111
51	112
51	113
51	114
51	115
51	116
51	117
51	118
51	119
51	120
51	121
51	122
51	123
51	124
51	125
51	126
51	127
51	128
51	129
51	130
51	131
51	132
52	75
52	76
52	77
52	78
52	79
52	80
52	81
52	82
52	83
52	84
52	85
52	86
52	87
52	88
52	89
52	90
52	91
52	92
52	93
52	94
52	95
52	96
52	97
52	98
52	99
52	100
52	101
52	102
52	103
52	104
52	105
52	106
52	107
52	108
52	109
52	110
52	111
52	112
52	113
52	114
52	115
52	116
52	117
52	118
52	119
52	120
52	121
52	122
52	123
52	124
53	75
53	76
53	77
53	78
53	79
53	80
53	81
53	82
53	83
53	84
53	85
53	86
53	87
53	88
53	89
53	90
53	91
53	92
53	93
53	94
53	95
53	96
53	97
53	98
53	99
53	100
53	101
53	102
53	103
53	104
53	105
53	106
53	107
53	108
53	109
53	110
53	111
53	112
53	113
53	114
53	115
53	116
53	117
53	118
53	119
53	120
53	121
54	72
54	73
54	74
54	75
54	76
54	77
54	78
54	79
54	80
54	81
54	82
54	83
54	84
54	85
54	86
54	87
54	88
54	89
54	90
54	91
54	92
54	93
54	94
54	95
54	96
54	97
54	98
54	99
54	100
54	101
54	102
54	103
54	104
54	105
54	106
54	107
54	108
54	109
54	110
54	111
54	112
54	113
54	114
54	115
54	116
54	117
54	118
55	70
55	71
55	72
55	73
55	74
55	75
55	76
55	77
55	78
55	79
55	80
55	81
55	82
55	83
55	84
55	85
55	86
55	87
55	88
55	89
55	90
55	91
55	92
55	93
55	94
55	95
55	96
55	97
55	98
55	99
55	100
55	101
55	102
55	103
55	104
55	105
55	106
55	107
55	108
55	109
55	110
55	111
55	112
55	113
55	114
55	115
55	116
55	117
56	69
56	70
56	71
56	72
56	73
56	74
56	75
56	76
56	77
56	78
56	79
56	80
56	81
56	82
56	83
56	84
56	85
56	86
56	87
56	88
56	89
56	90
56	91
56	92
56	93
56	94
56	95
56	96
56	97
56	98
56	99
56	100
56	101
56	102
56	103
56	104
56	105
56	106
56	107
56	108
56	109
56	110
56	111
56	112
56	113
56	114
56	115
56	116
56	117
57	68
57	69
57	70
57	71
57	72
57	73
57	74
57	75
57	76
57	77
57	78
57	79
57	80
57	81
57	82
57	83
57	84
57	85
57	86
57	87
57	88
57	89
57	90
57	91
57	92
57	93
57	94
57	95
57	96
57	97
57	98
57	99
57	100
57	101
57	102
57	103
57	104
57	105
57	106
57	107
57	108
57	109
57	110
57	111
57	112
57	113
57	114
57	115
57	116
58	68
58	69
58	70
58	71
58	72
58	73
58	74
58	75
58	76
58	77
58	78
58	79
58	80
58	81
58	82
58	83
58	84
58	85
58	86
58	87
58	88
58	89
58	90
58	91
58	92
58	93
58	94
58	95
58	96
58	97
58	98
58	99
58	100
58	101
58	102
58	103
58	104
58	105
58	106
58	107
58	108
58	109
58	110
58	111
58	112
58	113
58	114
59	68
59	69
59	70
59	71
59	72
59	73
59	74
59	75
59	76
59	77
59	78
59	79
59	80
59	81
59	82
59	83
59	84
59	85
59	86
59	87
59	88
59	89
59	90
59	91
59	92
59	93
59	94
59	95
59	96
59	97
59	98
59	99
59	100
59	101
59	102
59	103
59	104
59	105
59	106
59	107
59	108
59	109
59	110
59	111
59	112
59	113
59	114
60	66
60	67
60	68
60	69
60	70
60	71
60	72
60	73
60	74
60	75
60	76
60	77
60	78
60	79
60	80
60	81
60	82
60	83
60	84
60	85
60	86
60	87
60	88
60	89
60	90
60	91
60	92
60	93
60	94
60	95
60	96
60	97
60	98
60	99
60	100
60	101
60	102
60	103
60	104
60	105
60	106
60	107
60	108
60	109
60	110
60	111
60	112
60	113
61	66
61	67
61	68
61	69
61	70
61	71
61	72
61	73
61	74
61	75
61	76
61	77
61	78
61	79
61	80
61	81
61	82
61	83
61	84
61	85
61	86
61	87
61	88
61	89
61	90
61	91
61	92
61	93
61	94
61	95
61	96
61	97
61	98
61	99
61	100
61	101
61	102
61	103
61	104
61	105
61	106
61	107
61	108
61	109
61	110
61	111
61	112
61	113
62	66
62	67
62	68
62	69
62	70
62	71
62	72
62	73
62	74
62	75
62	76
62	77
62	78
62	79
62	80
62	81
62	82
62	83
62	84
62	85
62	86
62	87
62	88
62	89
62	90
62	91
62	92
62	93
62	94
62	95
62	96
62	97
62	98
62	99
62	100
62	101
62	102
62	103
62	104
62	105
62	106
62	107
62	108
62	109
62	110
62	111
62	112
62	113
63	66
63	67
63	68
63	69
63	70
63	71
63	72
63	73
63	74
63	75
63	76
63	77
63	78
63	79
63	80
63	81
63	82
63	83
63	84
63	85
63	86
63	87
63	88
63	89
63	90
63	91
63	92
63	93
63	94
63	95
63	96
63	97
63	98
63	99
63	100
63	101
63	102
63	103
63	104
63	105
63	106
63	107
63	108
63	109
63	110
63	111
63	112
63	113
64	66
64	67
64	68
64	69
64	70
64	71
64	72
64	73
64	74
64	75
64	76
64	77
64	78
64	79
64	80
64	81
64	82
64	83
64	84
64	85
64	86
64	87
64	88
64	89
64	90
64	91
64	92
64	93
64	94
64	95
64	96
64	97
64	98
64	99
64	100
64	101
64	102
64	103
64	104
64	105
64	106
64	107
64	108
64	109
64	110
64	111
65	65
65	66
65	67
65	68
65	69
65	70
65	71
65	72
65	73
65	74
65	75
65	76
65	77
65	78
65	79
65	80
65	81
65	82
65	83
65	84
65	85
65	86
65	87
65	88
65	89
65	90
65	91
65	92
65	93
65	94
65	95
65	96
65	97
65	98
65	99
65	100
65	101
65	102
65	103
65	104
65	105
65	106
65	107
65	108
65	109
65	110
65	111
66	65
66	66
66	67
66	68
66	69
66	70
66	71
66	72
66	73
66	74
66	75
66	76
66	77
66	78
66	79
66	80
66	81
66	82
66	83
66	84
66	85
66	86
66	87
66	88
66	89
66	90
66	91
66	92
66	93
66	94
66	95
66	96
66	97
66	98
66	99
66	100
66	101
66	102
66	103
66	104
66	105
66	106
66	107
66	108
66	109
66	110
66	111
67	65
67	66
67	67
67	68
67	69
67	70
67	71
67	72
67	73
67	74
67	75
67	76
67	77
67	78
67	79
67	80
67	81
67	82
67	83
67	84
67	85
67	86
67	87
67	88
67	89
67	90
67	91
67	92
67	93
67	94
67	95
67	96
67	97
67	98
67	99
67	100
67	101
67	102
67	103
67	104
67	105
67	106
67	107
68	65
68	66
68	67
68	68
68	69
68	70
68	71
68	72
68	73
68	74
68	75
68	76
68	77
68	78
68	79
68	80
68	81
68	82
68	83
68	84
68	85
68	86
68	87
68	88
68	89
68	90
68	91
68	92
68	93
68	94
68	95
68	96
68	97
68	98
68	99
68	100
68	101
68	102
68	103
68	104
68	105
68	106
68	107
69	65
69	66
69	67
69	68
69	69
69	70
69	71
69	72
69	73
69	74
69	75
69	76
69	77
69	78
69	79
69	80
69	81
69	82
69	83
69	84
69	85
69	86
69	87
69	88
69	89
69	90
69	91
69	92
69	93
69	94
69	95
69	96
69	97
69	98
69	99
69	100
69	101
69	102
69	103
69	104
69	105
70	65
70	66
70	67
70	68
70	69
70	70
70	71
70	72
70	73
70	74
70	75
70	76
70	77
70	78
70	79
70	80
70	81
70	82
70	83
70	84
70	85
70	86
70	87
70	88
70	89
70	90
70	91
70	92
70	93
70	94
70	95
70	96
70	97
70	98
70	99
70	100
70	101
71	65
71	66
71	67
71	68
71	69
71	70
71	71
71	72
71	73
71	74
71	75
71	76
71	77
71	78
71	79
71	80
71	81
71	82
71	83
71	84
71	85
71	86
71	87
71	88
71	89
71	90
71	91
71	92
71	93
71	94
71	95
71	96
71	97
71	98
71	99
71	100
71	101
72	67
72	68
72	69
72	70
72	71
72	72
72	73
72	74
72	75
72	76
72	77
72	78
72	79
72	80
72	81
72	82
72	83
72	84
72	85
72	86
72	87
72	88
72	89
72	90
72	91
72	92
72	93
72	94
72	95
72	96
72	97
72	98
72	99
72	100
73	67
73	68
73	69
73	70
73	71
73	72
73	73
73	74
73	75
73	76
73	77
73	78
73	79
73	80
73	81
73	82
73	83
73	84
73	85
73	86
73	87
73	88
73	89
73	90
73	91
73	92
73	93
73	94
73	95
73	96
73	97
73	98
73	99
73	100
74	68
74	69
74	70
74	71
74	72
74	73
74	74
74	75
74	76
74	77
74	78
74	79
74	80
74	81
74	82
74	83
74	84
74	85
74	86
74	87
74	88
74	89
74	90
74	91
74	92
74	93
74	94
74	95
74	96
74	97
74	98
74	99
74	100
75	68
75	69
75	70
75	71
75	72
75	73
75	74
75	75
75	76
75	77
75	78
75	79
75	80
75	81
75	82
75	83
75	84
75	85
75	86
75	87
75	88
75	89
75	90
75	91
75	92
75	93
75	94
75	95
75	96
75	97
75	98
75	99
76	68
76	69
76	70
76	71
76	72
76	73
76	74
76	75
76	76
76	77
76	78
76	79
76	80
76	81
76	82
76	83
76	84
76	85
76	86
76	87
76	88
76	89
76	90
76	91
76	92
76	93
76	94
76	95
76	96
77	68
77	69
77	70
77	71
77	72
77	73
77	74
77	75
77	76
77	77
77	78
77	79
77	80
77	81
77	82
77	83
77	84
77	85
77	86
77	87
77	88
77	89
77	90
77	91
77	92
77	93
77	94
77	95
77	96
78	69
78	70
78	71
78	72
78	73
78	74
78	75
78	76
78	77
78	78
78	79
78	80
78	81
78	82
78	83
78	84
78	85
78	86
78	87
78	88
78	89
78	90
78	91
78	92
78	93
78	94
78	95
78	96
79	74
79	75
79	76
79	77
79	78
79	79
79	80
79	81
79	82
79	83
79	84
79	85
79	86
84	14
84	15
84	16
84	17
85	12
85	13
85	14
85	15
85	16
85	17
85	18
86	11
86	12
86	13
86	14
86	15
86	16
86	17
86	18
86	19
87	10
87	11
87	12
87	13
87	14
87	15
87	16
87	17
87	18
87	19
88	10
88	11
88	12
88	13
88	14
88	15
88	16
88	17
88	18
88	19
88	20
88	21
88	22
88	23
88	24
89	10
89	11
89	12
89	13
89	14
89	15
89	16
89	17
89	18
89	19
89	20
89	21
89	22
89	23
89	24
89	25
89	26
89	27
90	10
90	11
90	12
90	13
90	14
90	15
90	16
90	17
90	18
90	19
90	20
90	21
90	22
90	23
90	24
90	25
90	26
90	27
90	28
91	10
91	11
91	12
91	13
91	14
91	15
91	16
91	17
91	18
91	19
91	20
91	21
91	22
91	23
91	24
91	25
91	26
91	27
91	28
92	10
92	11
92	12
92	13
92	14
92	15
92	16
92	17
92	18
92	19
92	20
92	21
92	22
92	23
92	24
92	25
92	26
92	27
92	28
92	29
92	30
92	31
93	10
93	11
93	12
93	13
93	14
93	15
93	16
93	17
93	18
93	19
93	20
93	21
93	22
93	23
93	24
93	25
93	26
93	27
93	28
93	29
93	30
93	31
94	10
94	11
94	12
94	13
94	14
94	15
94	16
94	17
94	18
94	19
94	20
94	21
94	22
94	23
94	24
94	25
94	26
94	27
94	28
94	29
94	30
94	31
95	10
95	11
95	12
95	13
95	14
95	15
95	16
95	17
95	18
95	19
95	20
95	21
95	22
95	23
95	24
95	25
95	26
95	27
95	28
95	29
95	30
95	31
95	32
96	10
96	11
96	12
96	13
96	14
96	15
96	16
96	17
96	18
96	19
96	20
96	21
96	22
96	23
96	24
96	25
96	26
96	27
96	28
96	29
96	30
96	31
96	32
96	33
96	34
96	35
96	36
96	37
96	38
97	10
97	11
97	12
97	13
97	14
97	15
97	16
97	17
97	18
97	19
97	20
97	21
97	22
97	23
97	24
97	25
97	26
97	27
97	28
97	29
97	30
97	31
97	32
97	33
97	34
97	35
97	36
97	37
97	38
97	39
98	10
98	11
98	12
98	13
98	14
98	15
98	16
98	17
98	18
98	19
98	20
98	21
98	22
98	23
98	24
98	25
98	26
98	27
98	28
98	29
98	30
98	31
98	32
98	33
98	34
98	35
98	36
98	37
98	38
98	39
98	40
98	41
99	11
99	12
99	13
99	14
99	15
99	16
99	17
99	18
99	19
99	20
99	21
99	22
99	23
99	24
99	25
99	26
99	27
99	28
99	29
99	30
99	31
99	32
99	33
99	34
99	35
99	36
99	37
99	38
99	39
99	40
99	41
99	42
100	13
100	14
100	15
100	16
100	17
100	18
100	19
100	20
100	21
100	22
100	23
100	24
100	25
100	26
100	27
100	28
100	29
100	30
100	31
100	32
100	33
100	34
100	35
100	36
100	37
100	38
100	39
100	40
100	41
100	42
101	13
101	14
101	15
101	16
101	17
101	18
101	19
101	20
101	21
101	22
101	23
101	24
101	25
101	26
101	27
101	28
101	29
101	30
101	31
101	32
101	33
101	34
101	35
101	36
101	37
101	38
101	39
101	40
101	41
101	42
101	43
102	13
102	14
102	15
102	16
102	17
102	18
102	19
102	20
102	21
102	22
102	23
102	24
102	25
102	26
102	27
102	28
102	29
102	30
102	31
102	32
102	33
102	34
102	35
102	36
102	37
102	38
102	39
102	40
102	41
102	42
102	43
102	44
102	98
102	99
102	100
102	101
102	102
102	103
102	104
102	105
102	106
102	107
102	108
102	109
102	110
102	111
103	14
103	15
103	16
103	17
103	18
103	19
103	20
103	21
103	22
103	23
103	24
103	25
103	26
103	27
103	28
103	29
103	30
103	31
103	32
103	33
103	34
103	35
103	36
103	37
103	38
103	39
103	40
103	41
103	42
103	43
103	44
103	45
103	46
103	47
103	48
103	91
103	92
103	93
103	94
103	95
103	96
103	97
103	98
103	99
103	100
103	101
103	102
103	103
103	104
103	105
103	106
103	107
103	108
103	109
103	110
103	111
103	112
103	113
103	114
103	115
104	18
104	19
104	20
104	21
104	22
104	23
104	24
104	25
104	26
104	27
104	28
104	29
104	30
104	31
104	32
104	33
104	34
104	35
104	36
104	37
104	38
104	39
104	40
104	41
104	42
104	43
104	44
104	45
104	46
104	47
104	48
104	49
104	91
104	92
104	93
104	94
104	95
104	96
104	97
104	98
104	99
104	100
104	101
104	102
104	103
104	104
104	105
104	106
104	107
104	108
104	109
104	110
104	111
104	112
104	113
104	114
104	115
104	116
104	117
104	118
104	119
104	120
105	19
105	20
105	21
105	22
105	23
105	24
105	25
105	26
105	27
105	28
105	29
105	30
105	31
105	32
105	33
105	34
105	35
105	36
105	37
105	38
105	39
105	40
105	41
105	42
105	43
105	44
105	45
105	46
105	47
105	48
105	49
105	86
105	87
105	88
105	89
105	90
105	91
105	92
105	93
105	94
105	95
105	96
105	97
105	98
105	99
105	100
105	101
105	102
105	103
105	104
105	105
105	106
105	107
105	108
105	109
105	110
105	111
105	112
105	113
105	114
105	115
105	116
105	117
105	118
105	119
105	120
106	25
106	26
106	27
106	28
106	29
106	30
106	31
106	32
106	33
106	34
106	35
106	36
106	37
106	38
106	39
106	40
106	41
106	42
106	43
106	44
106	45
106	46
106	47
106	48
106	49
106	77
106	78
106	79
106	80
106	81
106	82
106	83
106	84
106	85
106	86
106	87
106	88
106	89
106	90
106	91
106	92
106	93
106	94
106	95
106	96
106	97
106	98
106	99
106	100
106	101
106	102
106	103
106	104
106	105
106	106
106	107
106	108
106	109
106	110
106	111
106	112
106	113
106	114
106	115
106	116
106	117
106	118
106	119
106	120
107	29
107	30
107	31
107	32
107	33
107	34
107	35
107	36
107	37
107	38
107	39
107	40
107	41
107	42
107	43
107	44
107	45
107	46
107	47
107	48
107	49
107	77
107	78
107	79
107	80
107	81
107	82
107	83
107	84
107	85
107	86
107	87
107	88
107	89
107	90
107	91
107	92
107	93
107	94
107	95
107	96
107	97
107	98
107	99
107	100
107	101
107	102
107	103
107	104
107	105
107	106
107	107
107	108
107	109
107	110
107	111
107	112
107	113
107	114
107	115
107	116
107	117
107	118
107	119
107	120
108	29
108	30
108	31
108	32
108	33
108	34
108	35
108	36
108	37
108	38
108	39
108	40
108	41
108	42
108	43
108	44
108	45
108	46
108	47
108	48
108	49
108	50
108	77
108	78
108	79
108	80
108	81
108	82
108	83
108	84
108	85
108	86
108	87
108	88
108	89
108	90
108	91
108	92
108	93
108	94
108	95
108	96
108	97
108	98
108	99
108	100
108	101
108	102
108	103
108	104
108	105
108	106
108	107
108	108
108	109
108	110
108	111
108	112
108	113
108	114
108	115
108	116
108	117
108	118
108	119
108	120
109	29
109	30
109	31
109	32
109	33
109	34
109	35
109	36
109	37
109	38
109	39
109	40
109	41
109	42
109	43
109	44
109	45
109	46
109	47
109	48
109	49
109	50
109	51
109	77
109	78
109	79
109	80
109	81
109	82
109	83
109	84
109	85
109	86
109	87
109	88
109	89
109	90
109	91
109	92
109	93
109	94
109	95
109	96
109	97
109	98
109	99
109	100
109	101
109	102
109	103
109	104
109	105
109	106
109	107
109	108
109	109
109	110
109	111
109	112
109	113
109	114
109	115
109	116
109	117
109	118
109	119
110	33
110	34
110	35
110	36
110	37
110	38
110	39
110	40
110	41
110	42
110	43
110	44
110	45
110	46
110	47
110	48
110	49
110	50
110	51
110	76
110	77
110	78
110	79
110	80
110	81
110	82
110	83
110	84
110	85
110	86
110	87
110	88
110	89
110	90
110	91
110	92
110	93
110	94
110	95
110	96
110	97
110	98
110	99
110	100
110	101
110	102
110	103
110	104
110	105
110	106
110	107
110	108
110	109
110	110
110	111
110	112
110	113
110	114
110	115
110	116
110	117
110	118
110	119
111	33
111	34
111	35
111	36
111	37
111	38
111	39
111	40
111	41
111	42
111	43
111	44
111	45
111	46
111	47
111	48
111	49
111	50
111	51
111	52
111	53
111	75
111	76
111	77
111	78
111	79
111	80
111	81
111	82
111	83
111	84
111	85
111	86
111	87
111	88
111	89
111	90
111	91
111	92
111	93
111	94
111	95
111	96
111	97
111	98
111	99
111	100
111	101
111	102
111	103
111	104
111	105
111	106
111	107
111	108
111	109
111	110
111	111
111	112
111	113
111	114
111	115
111	116
111	117
111	118
111	119
112	33
112	34
112	35
112	36
112	37
112	38
112	39
112	40
112	41
112	42
112	43
112	44
112	45
112	46
112	47
112	48
112	49
112	50
112	51
112	52
112	53
112	54
112	74
112	75
112	76
112	77
112	78
112	79
112	80
112	81
112	82
112	83
112	84
112	85
112	86
112	87
112	88
112	89
112	90
112	91
112	92
112	93
112	94
112	95
112	96
112	97
112	98
112	99
112	100
112	101
112	102
112	103
112	104
112	105
112	106
112	107
112	108
112	109
112	110
112	111
112	112
112	113
112	114
112	115
112	116
112	117
112	118
112	119
113	33
113	34
113	35
113	36
113	37
113	38
113	39
113	40
113	41
113	42
113	43
113	44
113	45
113	46
113	47
113	48
113	49
113	50
113	51
113	52
113	53
113	54
113	55
113	56
113	74
113	75
113	76
113	77
113	78
113	79
113	80
113	81
113	82
113	83
113	84
113	85
113	86
113	87
113	88
113	89
113	90
113	91
113	92
113	93
113	94
113	95
113	96
113	97
113	98
113	99
113	100
113	101
113	102
113	103
113	104
113	105
113	106
113	107
113	108
113	109
113	110
113	111
113	112
113	113
113	114
113	115
113	116
113	117
113	118
113	119
114	31
114	32
114	33
114	34
114	35
114	36
114	37
114	38
114	39
114	40
114	41
114	42
114	43
114	44
114	45
114	46
114	47
114	48
114	49
114	50
114	51
114	52
114	53
114	54
114	55
114	56
114	57
114	58
114	73
114	74
114	75
114	76
114	77
114	78
114	79
114	80
114	81
114	82
114	83
114	84
114	85
114	86
114	87
114	88
114	89
114	90
114	91
114	92
114	93
114	94
114	95
114	96
114	97
114	98
114	99
114	100
114	101
114	102
114	103
114	104
114	105
114	106
114	107
114	108
114	109
114	110
114	111
114	112
114	113
114	114
114	115
114	116
114	117
114	118
114	119
115	31
115	32
115	33
115	34
115	35
115	36
115	37
115	38
115	39
115	40
115	41
115	42
115	43
115	44
115	45
115	46
115	47
115	48
115	49
115	50
115	51
115	52
115	53
115	54
115	55
115	56
115	57
115	58
115	73
115	74
115	75
115	76
115	77
115	78
115	79
115	80
115	81
115	82
115	83
115	84
115	85
115	86
115	87
115	88
115	89
115	90
115	91
115	92
115	93
115	94
115	95
115	96
115	97
115	98
115	99
115	100
115	101
115	102
115	103
115	104
115	105
115	106
115	107
115	108
115	109
115	110
115	111
115	112
115	113
115	114
116	30
116	31
116	32
116	33
116	34
116	35
116	36
116	37
116	38
116	39
116	40
116	41
116	42
116	43
116	44
116	45
116	46
116	47
116	48
116	49
116	50
116	51
116	52
116	53
116	54
116	55
116	56
116	57
116	58
116	59
116	71
116	72
116	73
116	74
116	75
116	76
116	77
116	78
116	79
116	80
116	81
116	82
116	83
116	84
116	85
116	86
116	87
116	88
116	89
116	90
116	91
116	92
116	93
116	94
116	95
116	96
116	108
116	109
116	110
116	111
116	112
116	113
117	30
117	31
117	32
117	33
117	34
117	35
117	36
117	37
117	38
117	39
117	40
117	41
117	42
117	43
117	44
117	45
117	46
117	47
117	48
117	49
117	50
117	51
117	52
117	53
117	54
117	55
117	56
117	57
117	58
117	59
117	60
117	61
117	62
117	63
117	64
117	65
117	66
117	67
117	68
117	69
117	70
117	71
117	72
117	73
117	74
117	75
117	76
117	77
117	78
117	79
117	80
117	81
117	82
117	83
117	84
117	85
117	86
117	87
117	88
117	89
117	90
117	91
117	92
117	93
117	94
117	95
117	96
118	29
118	30
118	31
118	32
118	33
118	34
118	35
118	36
118	37
118	38
118	39
118	40
118	41
118	42
118	43
118	44
118	45
118	46
118	47
118	48
118	49
118	50
118	51
118	52
118	53
118	54
118	55
118	56
118	57
118	58
118	59
118	60
118	61
118	62
118	63
118	64
118	65
118	66
118	67
118	68
118	69
118	70
118	71
118	72
118	73
118	74
118	75
118	76
118	77
118	78
118	79
118	80
118	81
118	82
118	83
118	84
118	85
118	86
118	87
118	88
118	89
118	90
118	91
119	13
119	14
119	15
119	16
119	17
119	18
119	19
119	20
119	24
119	25
119	26
119	27
119	28
119	29
119	30
119	31
119	32
119	33
119	34
119	35
119	36
119	37
119	38
119	39
119	40
119	41
119	42
119	43
119	44
119	45
119	46
119	47
119	48
119	49
119	50
119	51
119	52
119	53
119	54
119	55
119	56
119	57
119	58
119	59
119	60
119	61
119	62
119	63
119	64
119	65
119	66
119	67
119	68
119	69
119	70
119	71
119	72
119	73
119	74
119	75
119	76
119	77
119	78
119	79
119	80
119	81
119	82
119	83
119	84
120	8
120	9
120	10
120	11
120	12
120	13
120	14
120	15
120	16
120	17
120	18
120	19
120	20
120	23
120	24
120	25
120	26
120	27
120	28
120	29
120	30
120	31
120	32
120	33
120	34
120	35
120	36
120	37
120	38
120	39
120	40
120	41
120	42
120	43
120	44
120	45
120	46
120	47
120	48
120	49
120	50
120	51
120	52
120	53
120	54
120	55
120	56
120	57
120	58
120	59
120	60
120	61
120	62
120	63
120	64
120	65
120	66
120	67
120	68
120	69
120	70
120	71
120	72
120	73
120	74
120	75
120	76
120	77
120	78
120	79
121	7
121	8
121	9
121	10
121	11
121	12
121	13
121	14
121	15
121	16
121	17
121	18
121	19
121	20
121	21
121	22
121	23
121	24
121	25
121	26
121	27
121	28
121	29
121	30
121	31
121	32
121	33
121	34
121	35
121	36
121	37
121	38
121	39
121	40
121	41
121	42
121	43
121	44
121	45
121	46
121	47
121	48
121	49
121	50
121	51
121	52
121	53
121	54
121	55
121	56
121	57
121	58
121	59
121	60
121	61
121	62
121	63
121	64
121	65
121	66
121	67
121	68
121	69
121	70
121	71
121	72
121	73
121	74
121	75
121	76
121	77
121	78
121	79
122	5
122	6
122	7
122	8
122	9
122	10
122	11
122	12
122	13
122	14
122	15
122	16
122	17
122	18
122	19
122	20
122	21
122	22
122	23
122	24
122	25
122	26
122	27
122	28
122	29
122	30
122	31
122	32
122	33
122	34
122	35
122	36
122	37
122	38
122	39
122	40
122	41
122	42
122	43
122	44
122	45
122	46
122	47
122	48
122	49
122	50
122	51
122	52
122	53
122	54
122	55
122	56
122	57
122	58
122	59
122	60
122	61
122	62
122	63
122	64
122	65
122	66
122	67
122	68
122	69
122	70
122	71
122	72
122	73
122	74
122	75
122	76
122	77
122	78
122	79
123	4
123	5
123	6
123	7
123	8
123	9
123	10
123	11
123	12
123	13
123	14
123	15
123	16
123	17
123	18
123	19
123	20
123	21
123	22
123	23
123	24
123	25
123	26
123	27
123	28
123	29
123	30
123	31
123	32
123	33
123	34
123	35
123	36
123	37
123	38
123	39
123	40
123	41
123	42
123	43
123	44
123	45
123	46
123	47
123	48
123	49
123	50
123	51
123	52
123	53
123	54
123	55
123	56
123	57
123	58
123	59
123	60
123	61
123	62
123	63
123	64
123	65
123	66
123	67
123	68
123	69
123	70
123	71
123	72
123	73
123	74
123	75
123	76
123	77
123	78
123	79
124	1
124	2
124	3
124	4
124	5
124	6
124	7
124	8
124	9
124	10
124	11
124	12
124	13
124	14
124	15
124	16
124	17
124	18
124	19
124	20
124	21
124	22
124	23
124	24
124	25
124	26
124	27
124	28
124	29
124	30
124	31
124	32
124	33
124	34
124	35
124	36
124	37
124	38
124	39
124	40
124	41
124	42
124	43
124	44
124	45
124	46
124	47
124	48
124	49
124	50
124	51
124	52
124	53
124	54
124	55
124	56
124	57
124	58
124	59
124	60
124	61
124	62
124	63
124	64
124	65
124	66
124	67
124	68
124	69
124	70
124	71
124	72
124	73
124	74
124	75
124	76
124	77
125	0
125	1
125	2
125	3
125	4
125	5
125	6
125	7
125	8
125	9
125	10
125	11
125	12
125	13
125	14
125	15
125	16
125	17
125	18
125	19
125	20
125	21
125	22
125	23
125	24
125	25
125	26
125	27
125	28
125	29
125	30
125	31
125	32
125	33
125	34
125	35
125	36
125	37
125	38
125	39
125	40
125	41
125	42
125	43
125	44
125	45
125	46
125	47
125	48
125	49
125	50
125	51
125	52
125	53
125	54
125	55
125	56
125	57
125	58
125	59
125	60
125	61
125	62
125	63
125	64
125	65
125	66
125	67
125	68
125	69
125	70
125	71
125	72
125	73
125	74
125	75
125	76
125	148
125	149
126	0
126	1
126	2
126	3
126	4
126	5
126	6
126	7
126	8
126	9
126	10
126	11
126	12
126	13
126	14
126	15
126	16
126	17
126	18
126	19
126	20
126	21
126	22
126	23
126	24
126	25
126	26
126	27
126	28
126	29
126	30
126	31
126	32
126	33
126	34
126	35
126	36
126	37
126	38
126	39
126	40
126	41
126	42
126	43
126	44
126	45
126	46
126	47
126	48
126	49
126	50
126	51
126	52
126	53
126	54
126	55
126	56
126	57
126	58
126	59
126	60
126	61
126	62
126	63
126	64
126	65
126	66
126	67
126	68
126	69
126	70
126	71
126	72
126	73
126	74
126	75
126	76
126	148
126	149
127	0
127	1
127	2
127	3
127	4
127	5
127	6
127	7
127	8
127	9
127	10
127	11
127	12
127	13
127	14
127	15
127	16
127	17
127	18
127	19
127	20
127	21
127	22
127	23
127	24
127	25
127	26
127	27
127	28
127	29
127	30
127	31
127	32
127	33
127	34
127	35
127	36
127	37
127	38
127	39
127	40
127	41
127	42
127	43
127	44
127	45
127	46
127	47
127	48
127	49
127	50
127	51
127	52
127	53
127	54
127	55
127	56
127	57
127	58
127	59
127	60
127	61
127	62
127	63
127	64
127	65
127	66
127	67
127	68
127	69
127	70
127	71
127	72
127	73
127	74
127	75
127	148
127	149
128	0
128	1
128	2
128	3
128	4
128	5
128	6
128	7
128	8
128	9
128	10
128	11
128	12
128	13
128	14
128	15
128	16
128	17
128	18
128	19
128	20
128	21
128	22
128	23
128	24
128	25
128	26
128	27
128	28
128	29
128	30
128	31
128	32
128	33
128	34
128	35
128	36
128	37
128	38
128	39
128	40
128	41
128	42
128	43
128	44
128	45
128	46
128	47
128	48
128	49
128	50
128	51
128	52
128	53
128	54
128	55
128	56
128	57
128	58
128	59
128	60
128	61
128	62
128	63
128	64
128	65
128	66
128	67
128	68
128	69
128	70
128	71
128	72
128	73
128	74
128	75
128	148
128	149
129	0
129	1
129	2
129	3
129	4
129	5
129	6
129	7
129	8
129	9
129	10
129	11
129	12
129	13
129	14
129	15
129	16
129	17
129	18
129	19
129	20
129	21
129	22
129	23
129	24
129	25
129	26
129	27
129	28
129	29
129	30
129	31
129	32
129	33
129	34
129	35
129	36
129	37
129	38
129	39
129	40
129	41
129	42
129	43
129	44
129	45
129	46
129	47
129	48
129	49
129	50
129	51
129	52
129	53
129	54
129	55
129	56
129	57
129	58
129	59
129	60
129	61
129	62
129	63
129	64
129	65
129	66
129	67
129	68
129	69
129	70
129	71
129	72
129	73
129	74
129	75
129	148
129	149
130	0
130	1
130	2
130	3
130	4
130	5
130	6
130	7
130	8
130	9
130	10
130	11
130	12
130	13
130	14
130	15
130	16
130	17
130	18
130	19
130	20
130	21
130	22
130	23
130	24
130	25
130	26
130	27
130	28
130	29
130	30
130	31
130	32
130	33
130	34
130	35
130	36
130	37
130	38
130	39
130	40
130	41
130	42
130	43
130	44
130	45
130	46
130	47
130	48
130	49
130	50
130	51
130	52
130	53
130	54
130	55
130	56
130	57
130	58
130	59
130	60
130	61
130	62
130	63
130	64
130	65
130	66
130	67
130	68
130	69
130	70
130	71
130	72
130	73
130	74
130	75
130	100
130	101
130	102
130	103
130	104
130	148
130	149
131	0
131	1
131	2
131	3
131	4
131	5
131	6
131	7
131	8
131	9
131	10
131	11
131	12
131	13
131	14
131	15
131	16
131	17
131	18
131	19
131	20
131	21
131	22
131	23
131	24
131	25
131	26
131	27
131	28
131	29
131	30
131	31
131	32
131	33
131	34
131	35
131	36
131	37
131	38
131	39
131	40
131	41
131	42
131	43
131	44
131	45
131	46
131	47
131	48
131	49
131	50
131	51
131	52
131	53
131	54
131	55
131	56
131	57
131	58
131	59
131	60
131	61
131	62
131	63
131	64
131	65
131	66
131	67
131	68
131	69
131	70
131	71
131	72
131	73
131	74
131	99
131	100
131	101
131	102
131	103
131	104
131	148
131	149
132	0
132	1
132	2
132	3
132	4
132	5
132	6
132	7
132	8
132	9
132	10
132	11
132	12
132	13
132	14
132	15
132	16
132	17
132	18
132	19
132	20
132	21
132	22
132	23
132	24
132	25
132	26
132	27
132	28
132	29
132	30
132	31
132	32
132	33
132	34
132	35
132	36
132	37
132	38
132	39
132	40
132	41
132	42
132	43
132	44
132	45
132	46
132	47
132	48
132	49
132	50
132	51
132	52
132	53
132	54
132	55
132	56
132	57
132	58
132	59
132	60
132	61
132	62
132	63
132	64
132	65
132	66
132	67
132	68
132	69
132	70
132	71
132	72
132	73
132	97
132	98
132	99
132	100
132	101
132	102
132	103
132	104
132	105
132	106
132	107
132	148
132	149
133	0
133	1
133	2
133	3
133	4
133	5
133	6
133	7
133	8
133	9
133	10
133	11
133	12
133	13
133	14
133	15
133	16
133	17
133	18
133	19
133	20
133	21
133	22
133	23
133	24
133	25
133	26
133	27
133	28
133	29
133	30
133	31
133	32
133	33
133	34
133	35
133	36
133	37
133	38
133	39
133	40
133	41
133	42
133	43
133	44
133	45
133	46
133	47
133	48
133	49
133	50
133	51
133	52
133	53
133	54
133	55
133	56
133	57
133	58
133	59
133	60
133	61
133	62
133	63
133	64
133	65
133	66
133	67
133	68
133	69
133	70
133	71
133	94
133	95
133	96
133	97
133	98
133	99
133	100
133	101
133	102
133	103
133	104
133	105
133	106
133	107
133	108
133	149
134	0
134	4
134	5
134	6
134	7
134	8
134	9
134	10
134	11
134	12
134	13
134	14
134	15
134	16
134	17
134	18
134	19
134	20
134	21
134	22
134	23
134	24
134	25
134	26
134	27
134	28
134	29
134	30
134	31
134	32
134	33
134	34
134	35
134	36
134	37
134	38
134	39
134	40
134	41
134	42
134	43
134	44
134	45
134	46
134	47
134	48
134	49
134	50
134	51
134	52
134	53
134	54
134	55
134	56
134	57
134	58
134	59
134	60
134	61
134	62
134	63
134	64
134	65
134	66
134	67
134	68
134	69
134	70
134	71
134	91
134	92
134	93
134	94
134	95
134	96
134	97
134	98
134	99
134	100
134	101
134	102
134	103
134	104
134	105
134	106
134	107
134	108
134	149
135	5
135	6
135	7
135	8
135	9
135	10
135	11
135	12
135	13
135	14
135	15
135	16
135	17
135	18
135	19
135	20
135	21
135	22
135	23
135	24
135	25
135	26
135	27
135	28
135	29
135	30
135	31
135	32
135	33
135	34
135	35
135	36
135	37
135	38
135	39
135	40
135	41
135	42
135	43
135	44
135	45
135	46
135	47
135	48
135	49
135	50
135	51
135	52
135	53
135	54
135	55
135	56
135	57
135	58
135	59
135	60
135	61
135	62
135	63
135	64
135	65
135	66
135	67
135	68
135	69
135	70
135	88
135	89
135	90
135	91
135	92
135	93
135	94
135	95
135	96
135	97
135	98
135	99
135	100
135	101
135	102
135	103
135	104
135	105
135	106
135	107
135	108
135	109
136	9
136	10
136	11
136	12
136	13
136	14
136	15
136	16
136	17
136	18
136	19
136	20
136	21
136	22
136	23
136	24
136	25
136	26
136	27
136	28
136	29
136	30
136	31
136	32
136	33
136	34
136	35
136	36
136	37
136	38
136	39
136	40
136	41
136	42
136	43
136	44
136	45
136	46
136	47
136	48
136	49
136	50
136	51
136	52
136	53
136	54
136	55
136	56
136	57
136	58
136	59
136	60
136	61
136	62
136	63
136	64
136	65
136	66
136	67
136	68
136	69
136	70
136	87
136	88
136	89
136	90
136	91
136	92
136	93
136	94
136	95
136	96
136	97
136	98
136	99
136	100
136	101
136	102
136	103
136	104
136	105
136	106
136	107
136	108
136	109
136	110
137	10
137	11
137	12
137	13
137	14
137	15
137	16
137	17
137	18
137	19
137	20
137	21
137	22
137	23
137	24
137	25
137	26
137	27
137	28
137	29
137	30
137	31
137	32
137	33
137	34
137	35
137	36
137	37
137	38
137	39
137	40
137	41
137	42
137	43
137	44
137	45
137	46
137	47
137	48
137	49
137	50
137	51
137	52
137	53
137	54
137	55
137	56
137	57
137	58
137	59
137	60
137	61
137	62
137	63
137	64
137	65
137	66
137	67
137	68
137	69
137	87
137	88
137	89
137	90
137	91
137	92
137	93
137	94
137	95
137	96
137	97
137	98
137	99
137	100
137	101
137	102
137	103
137	104
137	105
137	106
137	107
137	108
137	109
137	110
137	111
137	112
138	10
138	11
138	12
138	13
138	14
138	15
138	16
138	17
138	18
138	19
138	20
138	21
138	22
138	23
138	24
138	25
138	26
138	27
138	28
138	29
138	30
138	31
138	32
138	33
138	34
138	35
138	36
138	37
138	38
138	39
138	40
138	41
138	42
138	43
138	44
138	45
138	46
138	47
138	48
138	49
138	50
138	51
138	52
138	53
138	54
138	55
138	56
138	57
138	58
138	59
138	60
138	61
138	62
138	63
138	64
138	65
138	66
138	67
138	68
138	69
138	87
138	88
138	89
138	90
138	91
138	92
138	93
138	94
138	95
138	96
138	97
138	98
138	99
138	100
138	101
138	102
138	103
138	104
138	105
138	106
138	107
138	108
138	109
138	110
138	111
138	112
139	11
139	12
139	13
139	14
139	15
139	16
139	17
139	18
139	19
139	20
139	21
139	22
139	23
139	24
139	25
139	26
139	27
139	28
139	29
139	30
139	31
139	32
139	33
139	34
139	35
139	36
139	37
139	38
139	39
139	40
139	41
139	42
139	43
139	44
139	45
139	46
139	47
139	48
139	49
139	50
139	51
139	52
139	53
139	54
139	55
139	56
139	57
139	58
139	59
139	60
139	61
139	62
139	63
139	64
139	65
139	66
139	67
139	68
139	69
139	87
139	88
139	89
139	90
139	91
139	92
139	93
139	94
139	95
139	96
139	97
139	98
139	99
139	100
139	101
139	102
139	103
139	104
139	105
139	106
139	107
139	108
139	109
139	110
139	111
139	112
140	13
140	14
140	15
140	16
140	17
140	18
140	19
140	20
140	21
140	22
140	23
140	24
140	25
140	26
140	27
140	28
140	29
140	30
140	31
140	32
140	33
140	34
140	35
140	36
140	37
140	38
140	39
140	40
140	41
140	42
140	43
140	44
140	45
140	46
140	47
140	48
140	49
140	50
140	51
140	52
140	53
140	54
140	55
140	56
140	57
140	58
140	59
140	60
140	61
140	62
140	63
140	64
140	65
140	66
140	67
140	68
140	69
140	87
140	88
140	89
140	90
140	91
140	92
140	93
140	94
140	95
140	96
140	97
140	98
140	99
140	100
140	101
140	102
140	103
140	104
140	105
140	106
140	107
140	108
140	109
140	110
140	111
140	112
141	14
141	15
141	16
141	17
141	18
141	19
141	20
141	21
141	22
141	23
141	24
141	25
141	26
141	27
141	28
141	29
141	30
141	31
141	32
141	33
141	34
141	35
141	36
141	37
141	38
141	39
141	40
141	41
141	42
141	43
141	44
141	45
141	46
141	47
141	48
141	49
141	50
141	51
141	52
141	53
141	54
141	55
141	56
141	57
141	58
141	59
141	60
141	61
141	62
141	63
141	64
141	65
141	66
141	67
141	68
141	69
141	86
141	87
141	88
141	89
141	90
141	91
141	92
141	93
141	94
141	95
141	96
141	97
141	98
141	99
141	100
141	101
141	102
141	103
141	104
141	105
141	106
141	107
141	108
141	109
141	110
141	111
141	112
142	15
142	16
142	17
142	18
142	19
142	20
142	21
142	22
142	23
142	24
142	25
142	26
142	27
142	28
142	29
142	30
142	31
142	32
142	33
142	34
142	35
142	36
142	37
142	38
142	39
142	40
142	41
142	42
142	43
142	44
142	45
142	46
142	47
142	48
142	49
142	50
142	51
142	52
142	53
142	54
142	55
142	56
142	57
142	58
142	59
142	60
142	61
142	62
142	63
142	64
142	65
142	66
142	67
142	68
142	69
142	86
142	87
142	88
142	89
142	90
142	91
142	92
142	93
142	94
142	95
142	96
142	97
142	98
142	99
142	100
142	101
142	102
142	103
142	104
142	105
142	106
142	107
142	108
142	109
142	110
142	111
142	112
143	16
143	17
143	18
143	19
143	20
143	21
143	22
143	23
143	24
143	25
143	26
143	27
143	28
143	29
143	30
143	31
143	32
143	33
143	34
143	35
143	36
143	37
143	38
143	39
143	40
143	41
143	42
143	43
143	44
143	45
143	46
143	47
143	48
143	49
143	50
143	51
143	52
143	53
143	54
143	55
143	56
143	57
143	58
143	59
143	60
143	61
143	62
143	63
143	64
143	65
143	66
143	67
143	68
143	69
143	86
143	87
143	88
143	89
143	90
143	91
143	92
143	93
143	94
143	95
143	96
143	97
143	98
143	99
143	100
143	101
143	102
143	103
143	104
143	105
143	106
143	107
143	108
143	109
143	110
143	111
143	112
144	16
144	17
144	18
144	19
144	20
144	21
144	22
144	23
144	24
144	25
144	26
144	27
144	28
144	29
144	30
144	31
144	32
144	33
144	34
144	35
144	36
144	37
144	38
144	39
144	40
144	41
144	42
144	43
144	44
144	45
144	46
144	47
144	48
144	49
144	50
144	51
144	52
144	53
144	54
144	55
144	56
144	57
144	58
144	59
144	60
144	61
144	62
144	63
144	64
144	65
144	66
144	67
144	68
144	69
144	86
144	87
144	88
144	89
144	90
144	91
144	92
144	93
144	94
144	95
144	96
144	97
144	98
144	99
144	100
144	101
144	102
144	103
144	104
144	105
144	106
144	107
144	108
144	109
144	110
144	111
144	112
144	113
145	16
145	17
145	18
145	19
145	20
145	21
145	22
145	23
145	24
145	25
145	26
145	27
145	28
145	29
145	30
145	31
145	32
145	33
145	34
145	35
145	36
145	37
145	38
145	39
145	40
145	41
145	42
145	43
145	44
145	45
145	46
145	47
145	48
145	49
145	50
145	51
145	52
145	53
145	54
145	55
145	56
145	57
145	58
145	59
145	60
145	61
145	62
145	63
145	64
145	65
145	66
145	67
145	68
145	69
145	86
145	87
145	88
145	89
145	90
145	91
145	92
145	93
145	94
145	95
145	96
145	97
145	98
145	99
145	100
145	101
145	102
145	103
145	104
145	105
145	106
145	107
145	108
145	109
145	110
145	111
145	112
145	113
145	114
146	16
146	17
146	18
146	19
146	20
146	21
146	22
146	23
146	24
146	25
146	26
146	27
146	28
146	29
146	30
146	31
146	32
146	33
146	34
146	35
146	36
146	37
146	38
146	39
146	40
146	41
146	42
146	43
146	44
146	45
146	46
146	47
146	48
146	49
146	50
146	51
146	52
146	53
146	54
146	55
146	56
146	57
146	58
146	59
146	60
146	61
146	62
146	63
146	64
146	65
146	66
146	67
146	68
146	69
146	83
146	84
146	85
146	86
146	87
146	88
146	89
146	90
146	91
146	92
146	93
146	94
146	95
146	96
146	97
146	98
146	99
146	100
146	101
146	102
146	103
146	104
146	105
146	106
146	107
146	108
146	109
146	110
146	111
146	112
146	113
146	114
147	16
147	17
147	18
147	19
147	20
147	21
147	22
147	23
147	24
147	25
147	26
147	27
147	28
147	29
147	30
147	31
147	32
147	33
147	34
147	35
147	36
147	37
147	38
147	39
147	40
147	41
147	42
147	43
147	44
147	45
147	46
147	47
147	48
147	49
147	50
147	51
147	52
147	53
147	54
147	55
147	56
147	57
147	58
147	59
147	60
147	61
147	62
147	63
147	64
147	65
147	66
147	67
147	68
147	69
147	83
147	84
147	85
147	86
147	87
147	88
147	89
147	90
147	91
147	92
147	93
147	94
147	95
147	96
147	97
147	98
147	99
147	100
147	101
147	102
147	103
147	104
147	105
147	106
147	107
147	108
147	109
147	110
147	111
147	112
147	113
147	114
148	16
148	17
148	18
148	19
148	20
148	21
148	22
148	23
148	24
148	25
148	26
148	27
148	28
148	29
148	30
148	31
148	32
148	33
148	34
148	35
148	36
148	37
148	38
148	39
148	40
148	41
148	42
148	43
148	44
148	45
148	46
148	47
148	48
148	49
148	50
148	51
148	52
148	53
148	54
148	55
148	56
148	57
148	58
148	59
148	60
148	61
148	62
148	63
148	64
148	65
148	66
148	67
148	68
148	69
148	83
148	84
148	85
148	86
148	87
148	88
148	89
148	90
148	91
148	92
148	93
148	94
148	95
148	96
148	97
148	98
148	99
148	100
148	101
148	102
148	103
148	104
148	105
148	106
148	107
148	108
148	109
148	110
148	111
148	112
148	113
148	114
149	16
149	17
149	18
149	19
149	20
149	21
149	22
149	23
149	24
149	25
149	26
149	27
149	28
149	29
149	30
149	31
149	32
149	33
149	34
149	35
149	36
149	37
149	38
149	39
149	40
149	41
149	42
149	43
149	44
149	45
149	46
149	47
149	48
149	49
149	50
149	51
149	52
149	53
149	54
149	55
149	56
149	57
149	58
149	59
149	60
149	61
149	62
149	63
149	64
149	65
149	66
149	67
149	68
149	69
149	83
149	84
149	85
149	86
149	87
149	88
149	89
149	90
149	91
149	92
149	93
149	94
149	95
149	96
149	97
149	98
149	99
149	100
149	101
149	102
149	103
149	104
149	105
149	106
149	107
149	108
149	109
149	110
149	111
149	112
149	113
149	114
